0.665553 0.948725 
0.227962 0.360769 
0.439552 0.548132 
0.449379 0.712268 
0.080659 0.631450 
0.778961 0.000703 
0.820799 0.175993 
0.922142 0.444905 
0.512810 0.794805 
0.294483 0.369928 
0.384744 0.390864 
0.251301 0.619460 
0.270427 0.058871 
0.437800 0.107710 
0.277872 0.194188 
 0:  8
 1: 14 11 10  9  2
 2: 11 10  9  8  3  1
 3: 11  8  2
 4: 11
 5:  6
 6:  7  5
 7:  6
 8:  3  2  0
 9: 14 13 11 10  2  1
10: 14 13 11  9  2  1
11: 10  9  4  3  2  1
12: 14 13
13: 14 12 10  9
14: 13 12 10  9  1

Número de arestas: 26
